1.    79
2.    66
3.    48
4.    51
5.    98
6.    17
7.    9
8.    8
9.    96
10.   1
11.   51
12.   68
13.   1
14.   82
15.   81
16.   55
17.   3
18.   98
19.   6
20.   4
21.   75
22.   53
23.   92
24.   30
25.   71
26.   11
27.   97
28.   4
29.   33
30.   97
31.   26
32.   99
33.   61
34.   26
35.   90
36.   22
37.   9
38.   71
39.   84
40.   18
41.   25
42.   2
43.   22
44.   74
45.   57
46.   3
47.   21
48.   7
49.   56
50.   39
51.   49
52.   96
53.   77
54.   11
55.   14
56.   99
57.   32
58.   72
59.   44
60.   96
61.   19
62.   91
63.   99
64.   36
65.   33
66.   11
67.   84
68.   5
69.   33
70.   80
71.   10
72.   55
73.   99
74.   90
75.   82
76.   32
77.   26
78.   97
79.   70
80.   1
81.   80
82.   1
83.   90
84.   95
85.   65
86.   63
87.   89
88.   69
89.   2
90.   90
91.   58
92.   19
93.   81
94.   88
95.   85
96.   31
97.   92
98.   90
99.   33
100.  13
